13208854892
13208857428
13208852204
13208854051
13208804621
13208809217
13208855204
13208855304
13208844120
13208854907
13208848623
13208856202
13208854927
13208803634
13208808727
13208808732
13208803384
13208857542
13208846379
13208801783
13208857142
13208852495
13208856528
13208853545
13208808685
13208850452
13208808698
13208807419
13208854690
13208857294
13208848109
13208850725
13208851994
13208852147
13208851947
13208851974
13208807631
13208857541
13208850448
13208852764
13208849691
13208809180
13208809190
13208809554
13208840758
13208807031
13208854923
13208808842
13208850364
13208807553
13208805124
13208854995
13208852640
13208807435
13208853640
13208808651
13208804935
13208805042
