80160343
49502575
90270950
8986954
90198078
90256846
83881263
80943762
84041678
23500757
80974612
83967651
90257821
80237938
83914686
84002654
90220727
83918676
83943440
90213107
83957576
83942694
56834185
90136542
90228535
90207799
588815
80167091
83912970
90142604
11175446
80890737
90251463
90274620
90210289
90257338
90081331
90190312
84083336
90236259
90256886
90073757
90202776
83956217
90202858
83996433
90251602
90192391
83878813
90221608
71682334
83998929
83863389
83859223
90258685
80891466
83855664
83881191
90223834
90080392
80941551
90138667
83960688
90277754
82560797
