92305052
92298111
92309152
92306083
92291578
92215930
92306334
92301492
92298755
92319271
92358834
92305824
92311048
92306086
92270003
92222965
92331605
92296573
92303811
92215493
92270824
92184799
92284604
92135186
92300332
92337402
92294988
92188463
92353258
92212673
92350587
92354465
92498697
92477065
92336253
92332166
92284382
92279174
92308549
92130502
92286082
92335298
92132233
92305186
92214918
92299986
92199343
92350331
92315410
92338382
92317234
92332852
92355306
92277792
92317544
92303836
92355366
92304153
92340353
92292820
92283818
92301889
92503653
92555821
92502972
92305246
92357568
92335524
92305180
92296492
92279242
92296087
92291093
92211595
92316376
92186327
92296179
92275790
92308134
92330405
92188293
92306618
92313215
92336893
92276383
92215561
92358056
92293328
92500106
92527180
92519064
92298187
92299410
92303172
92287664
92311272
92289033
92300470
92290442
92293038
92336227
92356579
92359986
92358404
92291437
92290402
92331182
92309642
92315447
92339374
92180648
92228279
92311997
92302407
92298732
92292749
92343248
92212274
92285922
92339568
92304019
92219259
92301119
92357345
92478477
92550961
92573644
92548299
92218658
92346033
92298331
92294087
92214746
92294908
92187714
92350582
92490690
92402909
92135331
92317603
92309105
92293277
92135632
92188915
92184977
92331815
92359513
92310922
92302706
92218679
92467996
92524412
92276652
92283331
92130231
92301316
92292684
92351686
92335660
92355801
92482503
92470838
92298389
92339992
92184874
92340175
92302088
92275978
92268216
92306114
92304188
92565300
92315384
92303830
92271438
92300283
92523044
92277021
92333058
92300758
92291773
92308316
92215540
92342169
92294849
92512139
92324919
92296011
92301974
92307729
92353815
92354675
92338115
92306740
92291767
92293856