98504591
98351644
98509513
98255681
98245651
98244161
98321054
98516609
98306922
98349126
98506551
98517644
98264930
98331928
98504815
98516991
98277007
98332732
98335401
98241303
98357546
98233064
98357587
98512358
98245221
98224934
98334895
98500486
98344769
98350459
98309411
98352929
98220299
98508735
98256960
98270039
98350529
98237674
98253518
98306717
98335416
98508620
98512046
98513459
98306924
98510588
98505083
98250710
98365033
98257082
98505690
98224667
98366755
98236322
98504476
98355241
98270413
98341364
